;CW;FWHM
0;399.505951;10.0
1;409.5;10.0
2;419.5;10.0
3;429.5;10.0
4;439.5;10.0
5;449.5;10.0
6;459.5;10.0
7;469.5;10.0
8;479.5;10.0
9;489.5;10.0
10;499.5;10.0
11;509.5;10.0
12;519.5;10.0
13;529.5;10.0
14;539.5;10.0
15;549.5;10.0
16;559.5;10.0
17;569.5;10.0
18;579.5;10.0
19;589.5;10.0
20;599.5;10.0
21;609.5;10.0
22;619.5;10.0
23;629.5;10.0
24;639.5;10.0
25;649.5;10.0
26;659.5;10.0
27;669.5;10.0
28;679.5;10.0
29;689.5;10.0
30;699.5;10.0
31;709.5;10.0
32;719.5;10.0
33;729.5;10.0
34;739.5;10.0
35;749.5;10.0
36;759.5;10.0
37;769.5;10.0
38;779.5;10.0
39;789.5;10.0
40;799.5;10.0
41;809.5;10.0
42;819.5;10.0
43;829.5;10.0
44;839.5;10.0
45;849.5;10.0
46;859.5;10.0
47;869.5;10.0
48;879.5;10.0
49;889.5;10.0
50;899.5;10.0
51;909.5;10.0
52;919.5;10.0
53;929.5;10.0
54;939.5;10.0
55;949.5;10.0
56;959.5;10.0
57;969.5;10.0
58;979.5;10.0
59;989.5;10.0
60;999.5;10.0
61;1009.5;10.0
62;1019.5;10.0
63;1029.5;10.0
64;1039.5;10.0
65;1049.5;10.0
66;1059.5;10.0
67;1069.5;10.0
68;1079.5;10.0
69;1089.5;10.0
70;1099.5;10.0
71;1109.5;10.0
72;1119.5;10.0
73;1129.5;10.0
74;1139.5;10.0
75;1149.5;10.0
76;1159.5;10.0
77;1169.5;10.0
78;1179.5;10.0
79;1189.5;10.0
80;1199.5;10.0
81;1209.5;10.0
82;1219.5;10.0
83;1229.5;10.0
84;1239.5;10.0
85;1249.5;10.0
86;1259.5;10.0
87;1269.5;10.0
88;1279.5;10.0
89;1289.5;10.0
90;1299.5;10.0
91;1309.5;10.0
92;1319.5;10.0
93;1329.5;10.0
94;1339.5;10.0
95;1349.5;10.0
96;1359.5;10.0
97;1369.5;10.0
98;1449.5;10.0
99;1459.5;10.0
100;1469.5;10.0
101;1479.5;10.0
102;1489.5;10.0
103;1499.5;10.0
104;1509.5;10.0
105;1519.5;10.0
106;1529.5;10.0
107;1539.5;10.0
108;1549.5;10.0
109;1559.5;10.0
110;1569.5;10.0
111;1579.5;10.0
112;1589.5;10.0
113;1599.5;10.0
114;1609.5;10.0
115;1619.5;10.0
116;1629.5;10.0
117;1639.5;10.0
118;1649.5;10.0
119;1659.5;10.0
120;1669.5;10.0
121;1679.5;10.0
122;1689.5;10.0
123;1699.5;10.0
124;1709.5;10.0
125;1719.5;10.0
126;1729.5;10.0
127;1739.5;10.0
128;1749.5;10.0
129;1759.5;10.0
130;1769.5;10.0
131;1779.5;10.0
132;1789.5;10.0
133;1799.5;10.0
134;1939.5;10.0
135;1949.5;10.0
136;1959.5;10.0
137;1969.5;10.0
138;1979.5;10.0
139;1989.5;10.0
140;1999.5;10.0
141;2009.5;10.0
142;2019.5;10.0
143;2029.5;10.0
144;2039.5;10.0
145;2049.5;10.0
146;2059.5;10.0
147;2069.5;10.0
148;2079.5;10.0
149;2089.5;10.0
150;2099.5;10.0
151;2109.5;10.0
152;2119.5;10.0
153;2129.5;10.0
154;2139.5;10.0
155;2149.5;10.0
156;2159.5;10.0
157;2169.5;10.0
158;2179.5;10.0
159;2189.5;10.0
160;2199.5;10.0
161;2209.5;10.0
162;2219.5;10.0
163;2229.5;10.0
164;2239.5;10.0
165;2249.5;10.0
166;2259.5;10.0
167;2269.5;10.0
168;2279.5;10.0
169;2289.5;10.0
170;2299.5;10.0
171;2309.5;10.0
172;2319.5;10.0
173;2329.5;10.0
174;2339.5;10.0
175;2349.5;10.0
176;2359.5;10.0
177;2369.5;10.0
178;2379.5;10.0
179;2389.5;10.0
180;2399.5;10.0
181;2409.5;10.0
182;2419.5;10.0
183;2429.5;10.0
184;2439.5;10.0
